52954,73518,78249
115838,323972,178462
73462
260304,52954,24177,289559,59758,78249
322170,242532,418360
52954,10721,237290,78249
322170,52954,59758
73092,174545,52954,24177,78249
347803,154064
52954,24177,289559,78249
167844,158599
36224,167844,158599
237290,174545,78249
174425,98808
264962,115838,24177
115838,237290
23611,24177
287120,374771
322170,264962,287120
52954,337728
52954,337728,78249,178462
264962,237290
24177,260304,78249
24177,289559,78249
264962,322170,323972
115838,24177,154064,264962,242532
264962,287120,323972,242532,418360
24177,347803
73092,24177,264962,323972,242532
73092,154064,24177
115838,264962,323972
23611,323972
24177,285613,289559,78249
52954,24177,337728,73518,78249
178462,115838
24177,327590,323972,242532
24177,347803,285613
24177,327590,174545
52954,23611,337728
10721,289559,337728
10721,289559,73518
52954,59758,174545,78249
73518,10721,289559
73518,24177,289559,78249
264962,323972,24177,242532,418360
73092,174425,24177
24177,366417
52954,260304,24177,78249
23611,115838,323972
289559,174545,78249
285613,323972,24177
115838,341276
23611,52954
73518,29462,24177
418360
115838,264962,287120,418360
52954,24177,285613,174545,78249
347803,285613,24177
115838,154064,264962
347803,154064,24177
169902,24177,285613
167593,300558
78249,337728
264962,242532,115838,418360
73092,52954
174545,287120,78249
24177,285613,260304
287120,115838
115838,24177,264962,323972,242532
322170,52954,78249
73092,366417
78249,289559
289559,260304,178462
23611,174545
174545,327590,24177
115838,154064,418360
323972,115838,24177
366417,237290
10721,237290,289559,174545,78249
323972,23611
264962,323972,24177
242532,115838,24177
115838,299629
24177,154064,264962,285613,323972,242532
73092,264962,24177
24177,347803,323972,242532
150636,167844,24016
299629,374771
52954,327590,24177,174545,78249
366417,24177
174545,299629
322170,115838,264962,323972,242532
73092,174425,24177,347803
52954,59758,174545
24177,289559,260304,78249
289559,237290
52954,24177,59758,337728,78249
115838,24177,418360
73518,24177,78249
115838,374771
285613,24177,418360
242532,341276
154064,237290
264962,323972,299629,242532
52954,237290,174545,78249
115838,242532,418360
178462,73092
52954,337728,174545
24177,73092
115838,418360,178462
10721,237290,347803
264962,323972,242532,299629
24177,10721
23611
24177,59758,260304
337728,174545,73518,24177
264962,341276
174545,10721,289559
73092,299629
52954,337728,174545,78249
115838,154064,287120,418360
264962,323972,322170
10721,73518,174545
98808,364106
73092,24177,264962,347803,242532
36224,14843,24016
337728,52954
24177,337728,285613
289559,341276
374771,24177,327590
78249,327590,24177,289559,73518
115838,366417
178462,260304
73092
285613,347803,24177
10721,24177,237290
322170,237290,154064
341276,115838,264962,323972,242532,418360
78249,24177,174545
24177,327590,337728,73518
10721,237290,337728,289559,78249
366417,154064
52954,73092,24177,174545
78249,73518,24177,289559
23611,52954,78249
174545,52954
52954,327590,24177,73518,78249
341276,289559,78249
73092,24177,289559,78249
29462,260304
24177,73518,174545
337728,23611
52954,24177,73518
78249,178462
52954,24177,289559,337728
341276,73092
337728,52954,327590,24177,78249
10721,174545,78249
341276,289559
167844,34161
322170,264962,323972,242532,418360
323972,242532
322170,52954,73518
52954,299629,73518
52954,24177,289559,73518
115838,24177,154064,285613
322170,289559,73518
73092,154064
323972,24177,285613
154064,347803
337728,174545,52954,24177
299629,24177
347803,24177,327590
24177,174545,78249
52954,24177,289559,260304,78249
169902,24177
287120,73518
29462,260304,24177
337728,52954,24177,289559,78249
287120,174545,78249
115838,154064,178462
52954,327590,24177,337728
178462,52954,260304,78249
98808,300558,174425
115838,154064,24177
264962,323972,242532
322170,73518
322170,115838,418360
327590,287120
264962,323972,327590,24177
285613,154064,24177
322170,73092,174425
341276,337728,52954,78249
23611,323972,418360
289559,24177
24177,285613,323972,242532
24177,289559,174545
347803,23611,115838
24177,285613,337728
167593,98808,364106
24177,264962,418360
327590,24177,289559,337728
52954,10721,174545
341276,260304,78249
115838,10721,237290,347803
52954,289559
264962,322170,418360
52954,78249,24177,174545
23611,264962,323972,242532,418360
264962,242532,341276
115838,347803,323972
322170,264962
174545,52954,10721
264962,322170
337728,52954,78249
264962,323972,24177,327590,242532
78249,52954,174545
73518,322170
10721,418360
178462
115838,24177,154064,327590
23611,260304
78249,174545,24177
174545,52954,24177,289559
29462,24177,327590,260304
154064,264962,323972
24177,285613,347803
289559,337728
264962,323972,242532,418360
52954,260304
323972,24177,242532
52954,327590,24177,260304
73092,24177,115838
24177,285613,323972
285613,347803,264962,24177
154064,287120
264962,322170,115838
264962,347803,323972
24177,154064,347803
374771
52954,337728,287120
24177,154064,327590,242532
24177,289559,337728,78249
287120,237290
52954,10721,337728,78249
52954,174545,178462
73092,264962,24177,347803,242532
299629,73092
10721,289559
322170,59758
24177,323972,242532,264962
322170,264962,242532
323972,242532,237290
289559,337728,78249
167844,14843
115838,264962,24177,242532
73518,327590,24177,289559,78249
10721,237290,73518,78249
24177,327590
285613,260304,24177,78249
52954,23611,174545
322170,73092
178462,337728
264962,347803,242532
23611,347803
264962,242532,24177
264962,323972,178462,242532
299629,366417
73092,52954,24177
337728,10721,237290
242532,323972,24177,154064
36224
115838,287120,260304
52954,237290,337728,78249
337728,73518,29462,24177,78249
52954,23611,174545,78249
323972,242532,115838,24177
10721,73518
260304,24177,78249
52954,174545
264962,242532,23611,115838
73092,24177,366417
289559,287120,174545
285613,260304,24177
52954,59758,78249
115838,10721
52954,73092
322170,337728
52954,24177,337728,174545,78249
10721,374771,237290
52954,24177,337728,174545
322170,154064,237290
52954,24177
73092,178462
52954,341276,337728,78249
242532,23611
24177,242532
115838,327590,24177
178462,264962,323972,242532
52954,237290,337728
178462,323972
78249,289559,10721
289559,73518,174545
237290,287120
178462,347803
52954,10721,260304
260304,10721
264962,24177,347803,242532
24177,115838
264962,24177,347803
242532
174545,178462,52954,78249
264962,323972,24177,242532
115838,24177,327590
264962,323972,242532,299629,418360
115838,299629,154064
444502,87241
23611,14843
24177
341276
341276,264962,323972,242532
237290
24177,289559,337728,73518
264962,73092,24177,242532
23611,260304,78249
52954,24177,327590,78249
264962,285613,115838,24177
264962,242532,299629
337728,178462,52954,78249
341276,289559,73518
299629,174425
115838,10721,237290
78249,10721
347803,418360,178462
341276,78249
36224,174425
10721,289559,260304,78249
366417,178462
78249,24177,260304
337728,24177
78249,52954,24177,327590,73518
327590,24177,337728,174545
327590,115838
73462,174425
264962,285613
52954,178462
341276,287120
24177,323972,242532
322170,115838,154064
260304,327590,24177
337728,24177,285613
323972,242532,418360
237290,289559,260304,78249
24177,78249
337728,174545,327590,24177,78249
73518,174545,78249
260304,174545
264962,242532,24177,154064
10721,174545
366417
237290,347803
52954,24177,174545,78249
10721,237290,289559,260304,78249
10721,337728,289559,78249
264962,24177,418360
327590,24177,174545
323972,242532,178462
115838,264962,347803,323972,242532
289559,10721,237290
264962,323972,418360,178462
154064,24177
52954,10721,73518,174545
10721,59758
59758,366417
73518,52954,24177,78249
327590,154064,24177
341276,73092,178462
169902,115838
59758,52954,24177
169902,158599
98808,167593
341276,289559,337728
24177,264962,285613,347803
154064,115838
285613,347803,115838,24177
24177,154064,285613
52954,260304,299629,78249
174545,260304
347803,154064,237290
341276,374771,418360
24177,154064,285613,323972,242532
10721,78249
285613,52954,24177,174545,78249
174545,52954,24177,78249
150636,24016
327590,24177,154064
78249,10721,337728,289559
237290,337728,78249
24177,289559,78249,174545
158599
10721,154064,237290
327590,24177,115838,264962
29462,285613,24177
73092,24177,260304,78249
323972,24177,327590
341276,337728,289559,78249
341276,289559,260304,78249
150636
341276,337728,52954,59758,78249
73092,115838,24177,264962,323972,242532
264962,323972,115838
115838,24177,264962,285613,242532
323972,327590,24177
73092,24177,264962
24177,264962,347803,323972,242532
178462,174545,52954,78249
10721,289559,73518,78249
154064,264962
260304,78249,178462
78249,52954,337728
337728,73518,327590,24177
23611,242532
24177,327590,289559,174545,78249
341276,52954,78249
78249,52954,327590,24177,260304
174545,327590,24177,78249
23611,78249
289559,285613,24177,78249
337728,52954,24177,327590,78249
10721,154064,418360
347803,260304,24177
24177,418360,154064
174425,299629
289559,260304,73518
264962,322170,242532,418360
264962,24177,154064
73092,264962,323972
115838,264962,347803,242532,418360
24177,285613,337728,289559
36224,150636,24177,167844,14843
327590,24177,337728,289559
52954,24177,59758,78249
52954,10721,237290,174545,78249
347803,299629
115838,24177,327590,242532
285613,73092,24177
115838,264962,347803
264962
52954,24177,327590,260304,78249
322170,374771,418360
264962,115838
24177,285613
347803,327590,24177
237290,289559
285613
23611,154064,242532
347803
264962,242532,24177,418360
264962,323972
73092,174545,287120
341276,52954
52954,337728,299629,78249
73518,52954
115838,24177,73092
285613,24177
299629,289559
10721,237290,154064
23611,154064,347803
24177,73518
337728,52954,73518
10721,366417,237290
264962,115838,178462,242532
289559,73518
327590,24177,14843
337728,52954,10721,78249
444502
52954,24177,174545
24177,337728,73518
154064,418360,178462
52954,24177,59758,73518,78249
23611,115838
337728,24177,289559,78249
24177,154064,285613,347803
174425,154064,24177
374771,24177
237290,289559,73518
98808,174425
115838,24177,264962,285613,323972,242532
24016,34161
10721,374771
289559,23611,78249
24177,299629
115838,24177
285613,52954,24177,78249
52954,237290,73518
29462,327590,24177,73518
264962,285613,242532,24177
327590,24177,323972
341276,154064,347803,418360
347803,115838,237290
52954,341276,59758
322170,264962,323972
29462,337728,24177
52954,299629,174545,78249
10721,73518,78249
10721,237290,289559,174545
29462,23611
264962,242532,23611
23611,115838,347803
24177,327590,337728
337728,24177,327590,289559,78249
289559,24177,78249
23611,174545,52954
10721,237290,260304
264962,242532,299629,418360
323972,242532,154064
78249,52954,260304
52954,73092,260304,78249
260304
322170,242532
115838,154064,10721,347803
323972,237290
174545,52954,78249
52954,73092,24177,174545,78249
10721,337728,174545
24177,264962,242532,418360
24177,337728,73518,78249
52954,23611,260304,78249
150636,34161
78249,24177
52954,327590,24177,260304,78249
174425,327590,24177
52954,73518,24177,78249
52954,237290,287120,73518,78249
167844,24016,14843
264962,285613,347803,24177
167844,174425
14843
341276,264962,242532,418360
23611,59758
52954,23611,73518
169902,34161
264962,323972,242532,341276
78249
115838,24177,347803,418360
24177,327590,174545,78249
289559,174545,178462
29462,287120
115838,347803
174545,29462,24177
174545,322170
289559,299629,78249
337728,289559,178462
341276,115838,264962,323972
73092,24177,73518
264962,24177,242532
242532,24177
154064,24177,323972,242532
285613,242532,24177
10721,289559,260304
264962,242532,178462
285613,337728,52954,24177,78249
322170,52954
115838,24177,154064,418360
174545,10721,237290
73092,24177,242532
73092,24177,78249
264962,322170,242532
52954,341276,174545,78249
24177,337728,78249
285613,52954,260304,24177
14843,24016
364106,174425
52954,10721,237290,260304
73518,289559
327590,24177,78249
154064,264962,323972,242532
322170,237290
337728,24177,327590,78249
29462,73518,24177
59758,10721
347803,23611
154064,347803,418360
73518,24177
52954,327590,24177,337728,78249
374771,418360,178462
264962,73092
289559,174425
264962,323972,178462
264962,323972,115838,24177
322170,347803,73092
260304,73518
322170,115838
264962,24177
341276,174545
289559,287120,78249
59758,237290
23611,237290
24177,289559,260304
52954,10721,237290,73518
289559,10721,78249
341276,264962,242532,323972
52954,10721,237290,174545
285613,418360,24177
73518,52954,327590,24177,78249
24177,289559,337728,285613
289559,10721
52954,24177,327590,260304
59758,327590,24177
154064,366417
174425,24177
167844,24016,34161
52954,24177,337728,289559
327590,24177,264962,242532
237290,323972
52954,10721,237290,337728
237290,178462
24177,289559
347803,174425,24177
264962,242532,10721,237290
73092,366417,24177
23611,115838,418360
341276,327590,260304
24177,289559,337728
322170,154064
52954,24177,337728
115838,264962,242532
237290,366417
73092,264962,242532
24177,264962,285613,323972
366417,59758
59758,52954
366417,52954,59758,78249
327590,24177,73518
73092,115838,24177,264962
242532,24177,237290
154064,323972,242532
418360,237290
78249,73518,24177
364106
242532,327590,24177
73518,322170,52954,78249
264962,285613,24177
52954,59758,337728
264962,323972,299629
264962,327590,24177,242532
52954,287120,260304,78249
337728,24177,327590
237290,264962
10721,237290,260304,78249
23611,264962,323972
289559,299629
24177,337728,73518,174545,78249
73092,115838,24177,264962,242532
341276,237290
322170,237290,347803
337728,73518
59758,341276
299629,174545
52954,24177,289559,174545,78249
264962,323972,287120,242532
300558,174425,167593
52954,260304,78249
73092,264962,323972,24177,242532
167844,158599,14843
115838,264962,418360
24177,115838,285613
24177,327590,78249
285613,347803,24177,154064
264962,242532,174425,24177
347803,73092,115838,24177
299629,374771,418360
322170,115838,264962,242532
115838,287120,418360
115838,242532,418360,178462
24177,285613,242532
24177,289559,73518,174545
174545
10721,154064
323972,24177
341276,174425
337728,73518,24177,289559,78249
299629,73518
78249,287120
24177,327590,242532
337728,174545
322170,347803,418360
24177,374771,418360
264962,323972,418360
327590,299629
237290,73518
174545,24177,327590,289559,78249
287120,115838,418360
78249,52954,24177,337728,73518
150636,174425
337728,174545,52954,78249
23611,327590,264962,242532
24177,178462
322170,154064,418360
23611,154064
341276,73518
73092,264962
178462,115838,264962,323972,242532
52954,24177,337728,78249
115838,24177,260304
323972,242532,73092,24177
98808,14843
115838,24177,285613,323972
264962,299629,242532,418360
52954,341276,73518,78249
24016,14843
299629,59758
78249,52954,10721,174545
167593,98808,300558
10721,237290,289559
337728,341276
174545,78249
24177,289559,174545,78249
10721,260304
52954,24177,78249,174545
289559,178462
24177,323972,264962,242532
52954,260304,10721,237290,78249
418360,322170
10721,237290,174545
115838,264962,323972,242532,178462
52954,237290
24177,347803,242532
289559,24177,73518
174545,52954,24177
154064,299629
73092,115838
287120,73092
299629,52954,260304
174545,24177,78249
237290,264962,242532
52954,10721,337728,73518,78249
264962,242532,323972
24177,337728,285613,73518
264962,242532,287120
264962,24177,327590,242532
73092,264962,24177,242532
418360,115838
73092,24177,289559,260304
23611,154064,418360
178462,242532
52954,10721,260304,174545
52954,23611,337728,78249
23611,115838,264962,242532
52954,327590,24177,73518
52954,260304,78249,178462
52954,337728,78249
341276,418360
327590,24177,264962,323972
73518,24177,327590
327590,178462
174545,24177,260304,78249
73092,322170
24177,264962,323972,242532
115838,264962,24177
264962,299629
150636,167844,14843,34161
52954,78249,174545
24177,59758
327590,24177,59758
73092,24177,264962,242532
264962,323972,237290
337728,10721,237290,78249
341276,73092,264962,242532
24177,154064,242532
289559,73518,24177
289559,285613,24177
10721,337728
52954,73518
366417,287120
52954,10721,59758
52954,59758,260304
167844,24016
174545,24177,289559
115838,322170
158599,14843,24016
323972,299629,418360
322170,323972
78249,24177,289559
52954,23611,78249
154064,237290,418360
78249,24177,289559,73518
73518,24177,285613
337728,24177,289559
78249,52954,24177
52954,287120
10721,237290,289559,73518,78249
150636,14843
347803,287120,418360
78249,289559,174545
347803,10721
115838,323972
115838,264962,323972,242532,299629
322170,418360
23611,289559,260304,78249
52954,341276,337728
73518,174545,52954,24177,78249
78249,174545,52954,24177
341276,323972
154064,178462
73518,174545,24177
52954,341276,78249
237290,154064
23611,337728,52954,78249
154064,24177,285613
341276,242532,418360
24177,327590,289559,78249
178462,289559,78249
418360,24177,347803
337728,327590,24177,78249
150636,167844
154064,115838,24177
260304,10721,237290
300558,167593
115838,24177,347803
24177,154064,366417
264962,242532,24177,327590
115838,264962,154064
366417,10721
287120,347803
115838,154064
73092,115838,24177
73092,115838,24177,374771
174425,24177,237290
24177,347803,374771
24177,418360
52954,341276
52954,78249,24177
52954,337728,73518
174425,154064
52954,10721,78249
264962,418360,178462,347803
29462,73092,24177
73518,52954,24177
73092,115838,24177,154064
322170,327590
322170,52954,337728,174545
52954,24177,289559,337728,78249
300558
337728,73518,52954,327590,24177,78249
52954,10721,337728
98808,174425,167593
418360,24177
73092,115838,24177,323972,242532
24177,237290
36224,24016
167593,98808
115838,178462
59758,299629
289559
174425,115838,24177,154064
73092,24177,260304,73518,174545
52954,59758
260304,237290
366417,52954
341276,73518,52954,78249
115838,264962,299629
115838,24177,264962,242532,323972
115838,24177,264962,242532
10721,237290,73518
174545,52954,59758
52954,78249
322170,115838,264962
287120,154064
174545,322170,52954,59758,78249
52954,24177,59758,174545,78249
341276,115838,237290
264962,242532,237290,178462
174545,52954,24177,289559,78249
87241
289559,287120
322170,323972,242532
174425,178462
264962,287120,323972
78249,337728,287120
36224,14843
52954,10721,78249,174545
154064,237290,178462
24177,337728,289559,73518,78249
418360,154064
23611,174425
78249,337728,174545
285613,174425,24177
59758
264962,323972,24177,327590,347803,242532
115838,327590,24177,242532
323972
264962,323972,24177,285613
24016
327590,24177,289559,174545
24177,285613,73518,78249
150636,167844,34161
323972,242532,299629
115838,347803,287120
289559,73092,24177
73092,115838,323972,24177
115838,264962,323972,242532
52954,10721,337728,174545,78249
73092,24177,154064,347803
327590,24177,289559,73518
174425,115838,24177
24177,285613,289559,174545
322170,264962,323972,242532
10721,418360,237290
264962,323972,24177,347803,242532
36224,158599,24016
78249,24177,337728
337728,174545,24177
52954,10721
154064,24177,347803
289559,260304
347803,174425
24177,337728,289559
285613,323972,242532,24177
78249,23611
24177,285613,289559
289559,260304,24177
264962,24177,242532,418360
23611,418360,374771
260304,24177
73518,287120
167844,169902
24177,264962,323972,242532,418360
264962,323972,115838,24177,242532
29462,24177,337728
52954,24177,337728,285613
337728,73518,24177,289559
334220
178462,59758
115838,264962,323972,24177
52954,10721,73518
23611,154064,347803,418360
366417,24177,154064
52954,73518,178462
337728,24177,78249
287120,174425
73092,374771,24177
59758,24177
237290,374771
52954,337728,287120,78249
24177,264962,242532
52954
73518,52954,24177,289559,78249
337728,174545,327590,24177
341276,115838,264962
347803,418360
264962,73092,24177
337728,289559,287120
52954,73092,24177,73518,78249
264962,242532,327590,24177
337728,73518,174545,52954,24177,260304,78249
287120
52954,287120,174545,78249
115838,24177,366417
264962,178462,242532,418360
29462,24177
347803,242532,24177
337728,73518,24177,78249
24177,289559,285613
24177,327590,374771
174545,52954,287120
24177,327590,264962,323972,242532
337728,73518,178462,52954,78249
158599,14843
167593
242532,115838
52954,24177,327590,73518
341276,366417
322170,289559,78249
23611,115838,154064
115838,347803,299629
52954,73092,24177,59758,260304,78249
29462,24177,174545
285613,115838,24177
73092,24177,174545
178462,327590
24177,327590,289559,73518
289559,337728,24177
73518,10721,289559,78249
285613,73518,24177
10721,237290,337728,174545
341276,59758
150636,158599
24177,337728,174545
24016,167844,14843
174545,52954,59758,260304
10721,237290,418360
264962,323972,341276
178462,289559
341276,264962,323972
374771,237290
73092,24177,115838,347803
174425,237290
24177,323972
287120,366417
29462,24177,260304
115838,299629,418360
24177,327590,347803
10721,24177
289559,260304,299629
287120,323972,242532
73092,287120
10721,289559,174545
73518,327590,24177
52954,24177,237290
73518,24177,289559
337728,23611,174545
115838,242532
115838,24177,73518
52954,23611
341276,264962,242532
24177,174545
347803,237290,178462
78249,337728,52954,24177
337728,174545,10721,289559,78249
115838,24177,264962,347803,242532
264962,285613,174425,24177
23611,73092
322170,115838,347803
115838,264962,323972,322170,242532
337728,73518,10721,289559
73092,73518,52954,24177,78249
260304,178462
327590,24177,337728
115838,24177,242532
289559,24177,174545
285613,169902,24177
322170,52954,174545,78249
327590
347803,237290
337728,289559,287120,78249
73092,24177,289559,260304,78249
287120,174545
327590,24177,264962,323972,242532
36224,158599
337728,52954,24177,59758,78249
299629,289559,78249
374771,24177,418360
264962,285613,242532,115838,24177
178462,154064
337728,52954,24177,78249
23611,337728,289559
24177,289559,285613,78249
24177,327590,264962
23611,327590,73518
264962,323972,322170,242532,418360
237290,174545
287120,260304
322170
341276,115838,347803
289559,78249,178462
264962,418360
52954,10721,237290
24177,327590,289559,174545
178462,347803,418360
347803,115838,24177
78249,24177,327590
347803,178462
322170,264962,347803,242532
29462,322170
150636,14843,24016
24177,327590,260304
264962,287120
52954,24177,59758
52954,24177,285613,337728,78249
287120,242532,418360
264962,323972,174425,24177
73092,24177,285613
341276,73092,242532
341276,337728
323972,242532,24177
23611,115838,264962,323972,242532,418360
289559,260304,78249
242532,418360
374771,327590,24177
158599,24016
264962,178462,242532
23611,323972,242532
29462,327590,24177,337728
73092,174545,24177
115838,264962,24177,154064,242532
322170,59758,52954
24177,327590,73518
115838,264962,242532,418360
220514
24016,150636
73092,337728,52954,24177,78249
327590,174545
24177,285613,73518
264962,242532,73092,115838,24177
10721,237290,178462
52954,73092,24177,337728
167593,98808,14843
323972,10721
264962,323972,10721
78249,24177,289559,174545
24177,73092,78249
115838,347803,287120,418360
337728,29462,24177
323972,242532,287120
174425,24177,242532
264962,285613,323972,242532,24177
10721,237290,337728,260304,73518,174545,78249
264962,323972,242532,178462
115838,264962,242532,178462
52954,24177,327590
337728,299629,78249
174425,24177,347803
242532,299629,73092
78249,73518,289559
115838,418360
174425,14843
24177,264962,347803
24177,154064
341276,115838,264962,323972,242532
323972,299629,115838
10721,285613
52954,78249,178462
154064,264962,242532
154064,242532
242532,178462
115838,347803,418360
115838,264962,242532,299629
52954,10721,73518,78249
78249,52954,73092,24177
299629,73518,52954,78249
327590,59758
337728,285613,24177
24177,285613,78249
264962,242532,115838,24177
52954,24177,78249
10721,260304,174545
285613,242532,115838,24177
29462
174545,52954,24177,59758,78249
323972,264962
323972,178462
323972,242532,327590,24177
52954,260304,24177
78249,24177,73518
52954,237290,78249
289559,174545
289559,260304,24177,78249
10721,337728,289559,174545
264962,10721,237290
10721,260304,78249
327590,24177,289559,78249
322170,115838,323972
115838,154064,347803
285613,24177,78249
115838,154064,299629
242532,73092
337728,10721,78249
264962,242532,73092,24177
115838,264962
327590,24177
34161,24016
174545,24177,327590
337728,73518,24177
10721,366417
287120,418360
73518
299629,237290
24177,73518,78249
264962,24177,154064,242532
174545,52954,327590,24177,78249
364106,158599
115838,264962,287120,242532
289559,299629,174545
24177,264962
237290,418360
264962,299629,115838
52954,299629,237290
174425,24177,154064
322170,24177,418360
52954,24177,73518,174545,78249
337728,287120,73092,52954,78249
174545,24177
327590,24177,242532
299629,115838
418360,178462
24177,337728,289559,78249
347803,115838
289559,78249
237290,299629
178462,264962,242532
174545,52954,59758,78249
78249,327590,24177,260304
24177,264962,285613
264962,24177,327590
52954,73518,174545
341276,347803,418360
327590,24177,260304,78249
23611,374771,418360
29462,341276
23611,264962,242532
10721,323972
24177,154064,264962
52954,73092,24177,78249
10721,73518,237290,78249
52954,24177,73518,78249
237290,242532
158599,14843,34161
337728,178462,289559,78249
52954,299629,73518,78249
322170,347803
341276,264962,418360
78249,52954,337728,174545
337728,73518,52954,24177
285613,10721,24177
10721,289559,174545,78249
52954,10721,24177,237290
300558,98808
167844,14843,24016
174545,10721,289559,78249
264962,10721
24016,167844
73518,174545,24177,78249
78249,174545
174545,52954,10721,78249
73092,10721
23611,178462
24177,327590,289559
337728,299629,52954
341276,264962,347803,242532,418360
264962,299629,418360
73518,327590,24177,78249
52954,24177,285613,73518,78249
115838,154064,287120
285613,327590,24177
23611,73518,78249
390974
154064,347803,178462
24177,285613,418360
23611,264962
52954,23611,73518,78249
24177,264962,285613,242532
115838,24177,374771
115838,264962,323972,178462,242532
299629,154064
52954,237290,260304,78249
337728,174545,52954,24177,78249
299629,29462
73092,52954,24177,78249
52954,341276,174545
78249,52954,10721,237290,73518
174425,418360
347803,10721,237290
10721,115838
23611,264962,323972,242532
337728,24177,174545
289559,10721,237290,78249
24177,260304
264962,178462
52954,10721,237290,260304,78249
52954,10721,174545,78249
59758,10721,237290
73092,337728,174545,24177,289559
264962,24177,285613,242532
115838,24177,323972
29462,24177,73518
52954,24177,260304,78249
78249,337728,73518
347803,73092,24177
115838,24177,264962,242532,418360
178462,374771
341276,73518,78249
341276,242532
73092,24177,347803
24177,154064,418360
78249,52954,24177,174545
52954,24177,59758,260304
115838,237290,178462
10721,237290
73092,24177
300558,167593,98808
327590,115838,24177,264962,242532
10721,237290,289559,260304
322170,52954,260304
115838,178462,347803
237290,337728,289559,78249
29462,178462
78249,24177,289559,337728
10721,237290,174545,78249
260304,174545,24177
10721,237290,323972
242532,237290
115838,374771,418360
327590,24177,115838
73092,264962,24177,154064,242532
174545,52954,24177,327590,78249
287120,73518,78249
24177,374771
237290,418360,178462
341276,264962,323972,242532,418360
337728,289559
178462,418360
24177,285613,264962,242532
337728,52954,59758,287120
341276,115838,418360
73518,285613,24177
322170,52954,260304,78249
98808,300558,167593
78249,52954,59758
36224,34161
23611,264962,418360
322170,366417
10721,337728,78249
73518,52954,327590,24177
174545,289559
10721,347803
59758,287120
237290,287120,418360
52954,327590,24177,78249
52954,327590,24177
337728,24177,327590,289559
264962,23611
115838,24177,327590,264962,323972,242532
78249,52954,10721,237290,174545
52954,299629,78249
341276,115838,374771
52954,341276,337728,174545,78249
23611,73518
285613,264962,242532,24177
36224,158599,14843
73092,347803,287120
337728,52954,287120
260304,78249
36224,167844
59758,178462
150636,24016,34161
23611,264962,242532,418360
24177,78249,174545
174545,78249,178462
337728,78249
59758,52954,299629
264962,242532
115838,24177,264962,323972
24177,154064,327590
10721,237290,289559,73518
154064,24177,242532
260304,10721,237290,78249
264962,174425
174545,52954,24177,285613
323972,115838,178462
59758,285613,24177
24177,327590,59758
29462,327590,24177
10721,237290,264962
73518,52954,10721,78249
347803,24177,237290
264962,299629,242532
337728,178462
24177,264962,323972
10721,289559,78249,174545
23611,374771
323972,10721,237290
264962,287120,242532
337728,52954,59758,78249
24177,154064,323972,242532
23611,289559
52954,24177,337728,73518,174545
98808,300558
115838,24177,154064,347803
322170,174425
23611,337728,289559,174545
52954,287120,78249
78249,52954,327590,24177
115838,323972,242532
23611,29462
322170,289559,73518,78249
347803,323972
24177,327590,264962,242532
73092,337728,178462
167844,158599,34161
154064,287120,418360
341276,115838
327590,24177,347803
29462,299629
174545,287120
322170,289559,174545
366417,52954,59758
73092,264962,323972,242532
264962,154064
115838,264962,323972,242532,418360
73092,178462,374771
87241,444502
73518,78249
52954,24177,285613,78249
154064,418360
347803,24177
264962,322170,323972,242532
52954,24177,285613
178462,237290
285613,24177,154064
242532,24177,154064
14843,34161
341276,115838,264962,242532
115838,24177,154064
115838,24177,327590,264962,242532
34161
327590,24177,337728,73518
327590,24177,285613
24177,264962,347803,242532
24016,158599
264962,323972,322170,242532
52954,10721,260304,78249
23611,289559,174545,78249
237290,299629,418360
24177,337728,174545,78249
289559,418360
115838,24177,264962
73092,24177,289559,174545
299629,418360
347803,322170
115838,287120
327590,174545,24177
73092,73518,24177
347803,341276
115838,52954
174545,24177,285613
264962,285613,323972,24177
36224,150636
341276,154064
337728,24177,73518
264962,327590,24177
115838,24177,154064,264962
242532,24177,327590
73092,115838,264962,24177,242532
264962,323972,242532,327590,24177
174425,24177,285613
52954,73092,24177,260304,78249
337728,299629
264962,242532,174425
73518,10721
337728,289559,78249
115838
73518,52954,24177,59758,78249
73518,52954,10721
374771,418360
52954,237290,73518,78249
322170,264962,242532,418360
24177,154064,264962,323972,242532
115838,178462,374771
178462,78249
337728,73518,174545,24177
52954,24177,260304
78249,52954,73092,174545,178462
418360,374771,178462
23611,337728,289559,78249
341276,115838,154064
264962,323972,242532,24177
260304,52954,24177,78249
264962,24177,115838
327590,24177,264962
299629,327590
52954,341276,73518
341276,264962
341276,327590
52954,24177,337728,73518
299629,174545,52954,78249
10721,237290,289559,78249
52954,23611,73092,73518
73092,24177,260304
78249,52954
264962,23611,237290
24177,167844
10721
24177,337728
323972,341276
347803,299629,418360
23611,366417
264962,323972,242532,115838,24177
78249,52954,24177,337728
52954,10721,237290,337728,78249
242532,299629
327590,24177,323972,242532
23611,347803,418360
52954,73092,24177
158599,34161
285613,264962,24177
323972,299629
24177,337728,289559,73518
337728,52954,24177
364106,167593
29462,24177,327590
98808
78249,337728,24177
323972,115838
73092,24177,337728
327590,73518,24177
73092,52954,24177,260304,78249
24177,154064,115838
169902,14843
366417,322170
287120,260304,78249
154064,24177,285613,347803
178462,24177
23611,418360
10721,237290,337728,78249
264962,323972,242532,73092,24177
322170,260304
167844
264962,24177,285613
289559,73518,78249
52954,299629
300558,364106
52954,337728,287120,73518
115838,237290,287120
29462,73092
341276,154064,237290
322170,289559
52954,24177,59758,260304,78249
24177,154064,323972
73518,178462
264962,323972,242532,287120
98808,364106,167593
52954,174545,78249
115838,59758
260304,73092,24177
52954,10721,237290,73518,78249
52954,73518,24177
73092,24177,264962,323972
327590,24177,374771
154064,299629,418360
174545,289559,78249,178462
264962,347803,242532,24177
237290,289559,78249
154064,24177,327590
323972,154064
24177,289559,73518,78249
73092,24177,154064
174425
327590,264962,242532
10721,115838,237290,154064
23611,327590
237290,78249
52954,24177,285613,260304,78249
24177,264962,242532,323972
260304,299629
264962,242532,341276,418360
24177,327590,260304,78249
78249,337728,10721,237290
73092,337728,73518,24177
174545,24177,289559,78249
287120,327590
323972,174425,24177
73518,52954,78249
78249,52954,24177,260304
264962,323972,299629,242532,418360
341276,374771
337728
115838,24177,285613
24177,264962,285613,323972,242532
374771,178462
327590,24177,260304
285613,52954,24177
52954,341276,260304,78249
59758,260304
167844,158599,24016
237290,260304
52954,24177,289559
10721,337728,289559
264962,242532,115838
287120,78249
174545,289559,78249
341276,289559,260304
242532,73092,24177
264962,287120,323972,242532
59758,23611
52954,115838,24177
115838,24177,323972,242532
154064
341276,347803
337728,174545,24177,78249
24177,167844,14843
242532,174425,24177
23611,337728
23611,115838,323972,242532
285613,24177,115838
264962,242532,237290
78249,260304
264962,23611,242532
24177,154064,264962,242532
341276,178462
337728,287120
24177,115838,347803
115838,347803,418360,178462
59758,73092,24177
73518,289559,78249
174545,10721
24177,285613,174545
264962,347803,242532,418360
73092,24177,289559
322170,52954,73518,78249
341276,174545,52954,78249
299629,347803,418360
78249,52954,24177,73518
24177,174425
115838,264962,323972,24177,242532
285613,24177,174545
24177,289559,73518
347803,24177,154064
73092,374771
115838,341276,418360
52954,287120,73518
322170,289559,260304
115838,287120,374771
322170,374771
52954,59758,73518
327590,24177,289559
289559,78249,174545
323972,418360
10721,289559,78249
337728,327590,24177
174545,178462
264962,323972,347803,242532
174425,24177,285613,347803
23611,115838,264962,323972,242532
10721,237290,78249
115838,264962,323972,299629,242532
78249,73518,52954
52954,73518,78249,178462
347803,287120
260304,289559
299629,78249
341276,260304
169902,174425
299629
174425,10721
287120,242532
300558,98808,167593
52954,237290,337728,174545,78249
322170,52954,337728,78249
52954,73092,24177,337728,78249
73092,24177,374771
337728,289559,24177
169902
115838,24177,285613,347803
337728,73518,52954,24177,78249
322170,337728,78249
52954,260304,10721,237290
52954,10721,337728,174545
73092,24177,59758
289559,299629,73518,78249
174425,115838
337728,29462,327590,24177
73092,24177,73518,78249
24177,347803,418360
264962,242532,418360
73518,52954,59758
228232