1790	1046
1791	950
1792	865
1793	798
1794	1195
1795	867
1796	1217
1797	888
1798	941
1799	662
1800	599
1801	1275
1802	910
1803	944
1804	843
1805	1160
1806	1154
1807	955
1808	1076
1809	733
1810	1037
1811	963
1812	1344
1813	1369
1814	926
1815	1367
1816	1425
1817	1774
1818	1778
1819	1840
1820	1402
1821	2246
1822	1898
1823	2544
1824	3273
1825	3608
1826	3069
1827	2831
1828	2957
1829	4200
1830	6020
1831	2904
1832	3154
1833	3137
1834	5306
1835	4240
1836	4878
1837	4659
1838	4770
1839	5394
1840	3731
1841	3301
1842	3430
1843	3242
1844	3798
1845	6622
1846	7515
1847	6696
1848	8707
1849	3169
1850	3354
1851	5401
1852	4082
1853	4059
1854	4344
1855	4927
1856	4391
1857	5548
1858	6729
1859	5026
1860	5645
1861	2804
1862	3302
1863	2588
1864	2509
1865	3739
1866	3085
1867	4922
1868	4244
1869	3187
1870	3683
1871	2732
1872	1652
1873	4222
1874	3774
1875	4992
1876	2800
1877	3413
1878	3413
1879	5003
1880	2913
1881	1745
1882	1327
1883	1685
1884	3856
1885	8443
1886	6428
1887	2190
1888	3910
1889	5434
1890	4922
1891	6691
1892	5547
1893	5456
1894	6928
1895	6296
1896	6534
1897	5119
1898	9021
1899	6741
1900	8461
1901	8100
1902	3915
1903	6412
1904	7178
1905	10089
1906	9542
1907	11159
1908	7935
1909	5977
1910	2967
1911	10168
1912	10912
1913	1359
1914	1619
1915	2949
1916	872
1917	1450
1918	2041
1919	2004
1920	1116
1921	2400
1922	2519
1923	2904
1924	2935
1925	4495
1926	4338
1927	3806
1928	3603
1929	4838
1930	2073
1931	2651
1932	1863
1934	1002
1935	1543
1936	1580
1937	1208
1938	1995
1939	1621
1940	1348
1941	1380
1942	1445
1943	1877
1944	1603
1945	3494
1946	12950
1947	2742
1948	2280
1949	1541
1950	2205
1951	1647
1952	2198
1953	7249
1954	2849
1955	3554
1956	3968
1957	1934
1958	2249
1959	2270
1960	2597
1961	5549
1962	2979
1963	2406
1964	1365
1965	1859
1966	2210
1967	2887
1968	2077
1969	1600
1970	1819
1971	1793
1972	1591
1973	719
1974	2015
1975	1900
1976	2243
1977	2069
1978	1917
1979	1505
1980	1517
1981	17111
1982	2331
1983	2498
1984	2254
1985	1999
1986	1655
1987	1621
1988	2166
1989	2092
1990	1580
1991	1672
1992	1913
1993	2732
1994	3093
1995	3551
1996	2661
1997	2914
1998	3158
1999	3291
2000	3431
2001	3252
2002	1836
2003	2491
2004	2424
2005	2348
2006	2461
2007	2447
2008	2651
2009	2438
2010	3016
2011	2863
2012	3088
2013	2934
